9554581691799644275146342625994542822896438936922541955126171276421462632287516734899443993824981812
5889816141877646294188711564258977492715617117651554245292568624396153335428932951297312269722873574
6717189712443628153367378751956386657542566683579771328797629112854488763623329252836499656873921147
2881652225449589245835142493328856332583153459475959441997714357114239985441934755976685456156714668
7858841268169162865877248686311758977758442897318115497473958126616958453425985895286656843292952168
7268464146934718676782742537796278391687528454157192515756187699463863964162119448729418921562153685
7946756277196764215864235484745329648783374679595129187347965627759554451449238964189652269948215968
4632131361411512467248225428778782587327915151949794482981826276746663982779258511247582751217346745
4416393389173669347143564622785282727226966554439253811967432441225153889754664888565896645517343927
6912365894411943528871449784672669849578573914247791242651187624628249529171513956842263431517433392
9986743498472632768564155237347484957153479954875931277211995281334165747563621824654514786398618453
7722215397162852548276269148297814131793216462444366667759562984266892967367825131168281461473213178
3966732545374567154821191153693716776341126959523313637938974844275613268991212257427576121924587232
9552499229978471688187665844149921954871556784745584532948565423812179824222763487418637725667291984
1122888953912897143264431242582413418626634158753564417195444182568948942891435598393169398199925585
7695492224966259181729555962951241575737666496455339177552292454871195755442788943884981944189331716
2521393111518675894547382656547837216911294929613353995326316126881529413997641874357494531143411725
1323789276663272272567184563218754834869287427975466375378525828839928641973135761723254628679232472
5497878148452318899538463499627614163523872838617262356728215788826323836259846775733536476114461928
4175537927151548875517253934712929639644651255875785512533362752734832668723729961343644646964186185
9673695794729529898797769353363491627286941379441612553821125347726713364251698914337384984522546233
3264327235666178447264725696777936317358732221915453996352733345794872137331254666336462693383252135
1875825799613947784145461344782918822242555695795353649972632593535741244744534112158719822262681815
9836182284187375541844494886162696884436418159283896723898546597248187918528731584224494723794879342
9639197678874914773683795518234121886593358199136252833127829764524726466963824493911722717826819233
5432332823356185468879252279591684136166188413166456817757625979285865958817528615151238452158693381
8245717852125568781819659595291445474166774765127727113366799594511861629477632369815621387513295285
2521385352742933663842129867773797887564783777768891921838699882649669246742317245831179887498219625
6861965549954175755865546616733319255181326323284587731114396575789718841869261889964164663653548337
8352275525613158163963529965218825868327774674133513686853629964319119251879664984974578376688579171
3323257533997461872985212487687792433562489974841787658777816572681576447398484311264219353341581477
3591298881694179184398257345323551331711782553568893875852634195598133446913912464163172678648451364
6618479573582173915148189585679242569972718381133651864954843442418278621417298328328293882581335945
7449969123293264665385147891699457292631935424543214545797633776716197923767877867318355383846453555
2236821896389882446422997292734883239126733624466678586298774775815132492861991312382113748959987196
4215279755616715588431125559554176326322271449264681484875449948842581643673242556566982359176663262
1115396558183833367767227331376793639784793367391114181878996887279317245369382562175121326385175197
7446491432749846696836628499881891385562942989145282629567116895235679947753197622586867525182948857
4861796242291625274577121159627974492225817771933137756185843956536731947191515791653545291779132775
6354363735735844276675471766741673421196297936624498637251299789689853938471192895572872678423811365
1477135158173382836995278665264175918596288479779256932813754452666292695218778546668759619175223966
7733643248678315516555292494676865556728363164461824242932159198216349768331677993562422169634677728
3343728445759284438944581662622845369899249516556132663815764797385656797998876813259156717361686396
4818173365246945197128242613415431837519111718945945316784979396496518961628419323492359956211186637
5357311393419892414564266722512618352977199219944734486526153792721374561541855376788327281182639197
5587649177352734615157415286732697246771281395376681963894582721147913783159145119427117559942963872
1557541162958631523682937842243974133427442171524741345483553436739563297972962829964941271166674462
2353462438152486852692832329774128184919528475596264665398874116641379498328228557317958618363591439
6281157926991246663734936219828759377592674734523534856776878344888629213957846689697997447663624836
2573523234158967345938594734979528844997638928224632462921615924566541676396994154356945492941841615
1488541845976442266223346538271327875816179373792154652281499543688527653286439849571381721431794716
7446894667682988745285277194615753816886116746883689485326427188933768985619174159123734645345414899
9864786723994958916946799659752521636554941767226735423749237413445865969684884892287943825361546975
7212539516866611539639493954589664845416967565538112969334199232832668882249822266644362126319263115
2665521853571843214636964766772315841671888221191361736684856711889986477846652892964822557471368178
1414455173469961396371228258878958519593681531269265768333866785444633998555456253174363167492927256
4851648461359937881577322284443572111139719559216276576761345314776779938882525192776474487613348675
9479784772269172395859268631878158345776798925741877336287128956286867355615691477121676487872999944
6887776941518235595296227142961682662352823275771831645135966633482575566493361515185534948724261157
1257995489428591183237966629993163839746829332537619342231494814615534478215331426368611342686326657
2995658178731419196773297256295696413194786765954816985683791341797665496783681843341415165928843271
9727811148654444915544736752368366612551545143781831216274815884494227626478416153387991983393826812
9411332432251656487857899323412845494259471917779943521983366577932181561871741628986782911865228163
3469117579592181954791844953849365411684444815486339692578844466631779698766831124812338139576477524
4389928846357247376436865244236993718725169745746116372829666864848467266556574631992155815932277816
9346175445931212266923193236232418343428944885548992798553679686335888367243187251633947159597279324
7359841629892419158612915891527284493828261854458692251984277116735525145118638216629683223756262655
2754692177413525995445358134263376223596296988412855273699291152419633493475547566664293293123224733
6873273941534736185583718123468741752586477524294449887466879819897253827113145299448711516281146747
1515711319849199818146763525255669511533878541797447235333693556136237945221967322275566224111485348
4348913178753492536465523335351125958861873395918396836946726731816122695516551124851773729939369651
9728496733985368715485177767563563789423945681244529584322944717462198419947448612775772491367432349
5784679635252636841472315219335269446783495228117633469971491497594919392313245847942461291615496928
5262518567575476353255369564534647863521712968239912185852999215352478927858431418227778977662462657
2116872516216236199849588548729183915198631192535737191467163497687974512386593316675772522414452786
9458476588571871444466665391358935217335997493425227838917193287751188844639328561682793851412678139
7999725824382368277221344881782758575772434912824821511756294464317769289794176486271441273516835769
5998419663651832185838311467662373939583329852329633828434683982233923361916354164391516856635711745
2462369982417461221836467549283235356887564354877888363368382242175689525284876648631578488335545656
3291296922349395931553575377941274931794833214966768585621641561712185677775328641451218573935747536
2381221951844468498138116844437241996543528148113141327128215383569862625765746912215562837992158439
9955413322142333772916657455824551272733953618276455462157382272282458459643635916193766386956855631
1111484162758167574996139541688485738248965779573356899453981833617152649385592933214473413853387842
6241863892171214221421789476357274982452762799366762284212942794851957126376355415843274352269893788
8647438926421993329376136868459496786639124395544787166393654634937427943238185165667681259453452398
7653952593154782691986618382169483913161271922755621929192111842323199596478716659447256564716518444
5322136164259358321131258968665181487766127448578277346167879675755689211618899639884464475132654681
9988971773751594964879288699355443292841378327593179923672835618225822649233569844378732441981838816
1834681631383481112718771143989434818479849542259724992819421339375591256277667836222226796519881574
8771399394786856423757482186384588135714987134632692549431821481593356259687975422635533966844714894
2763793937786423159343679535323475542917399531142722656189922722898796231231772458391174366682788432
6145837614665414955445681212531186549296362939981596886976577153744994796663415618361818753667424428
7251377654881269922155743124828882972396475294786722265322528851554168818542916182195815794258478991
7779985353969817187374569496194836253187384762197179746689269946779584437451156232329419381994111869
4377938428873443594357597332939769768257792768945816794667221185498251289929952275374847413514397755
4279844186554832422954399391851394549614248554184445368582528814782255536966816153564635815963417691
4926666676145252421763415555685531619795279519194858525849178769323355155429334429625217422335874975
6333541517274889335341617574919995556772947198848366813957774164341692989681667953691944472348551678
2859152694246948741137535276863876265968812957515426515776225656188965813797218844567365317124342188
2523425614963412754133227699197856114983555973247629159886276183788998642998618888412177612142335384
