8985924183938786894117615876963131759284373473483266274834855367125655616786474316121686927432329479
1354741334996277344727979945929848824687537769833468387913795649342136536571774521924379293872611382
9391935321624356127754296144763969257788962339725137947329338144349453312993997561171882988877593499
6121686889572134852255485345959294726896321249633182425549221359364719193427269656436895944919899246
8695397395659758833781191968636899466229236655665732956523842627652721265316271785154375568995793589
5828955146421332986642525334459883769229717727842272551677427724998614337123854337384826637938675613
4587469673551254899345726164512736984973126833381266397232478841424933612515787491226432461328684421
7528541567799216254761675948468172374529969364686936418357811295514469963427411294125363943987312725
1397318728732847935276529316346378692451858768498142658617641542842844675941536151622853723961657987
5151373372911357489976316833778895478754437744779332325728588626762757519557232155613894392647757311
1848197427297398187864237242211245381559488469922236462163953971591429222398466212614373712151246182
9881634625565189316318313487192819576611564171163312511574262496359845439565442447618574548885594511
1747246584758145597375268567725657111498759419711617623395654818832619561193715858876757447297154886
6569236254812224168766377923533783394115446559161947726399568277913113984168451796925539914923195988
2835634366312959766224194427453311366781269864522144575855118567382716329479737311495379814673375367
1716511286684116655864815571357819832746786872457183598757489734645176882426424732262997466331614247
7968134633815625525119455888224319945146238449535982339841127662276893571276573328883639349356911748
4844993696288222154377525398924476923185631221224895983958487595551162271636653645878711759681178952
4735497117831254512925183487446245645441588331796148531696978316632986228282876544669934276728362896
5686484515924553719636259137369649846172336378913714634897632939881425562999392586789271812271311972
7172971727875985979371275496642184518474743474426814794543683284171855144984848729451761429983982633
4264665165977916377466351554759722583767813695348949498354522814117156936132929858125788978931849148
8366884811963442345148437953135122239279771641475972887549979351357628532313637554567967569192651147
3387643683231953436867621513292495764177242857712227613185835617329692245157594541456995588174889366
2841793131613278957827834131641669329312884637339442278189153691465785681237553244979535397277177748
3575893346465212357251835846785146795895258481517388266468881436153249218812646766874627751123728843
2886918415948922332243529244925939948795428972888935593235731387894634721569581675829614254491295951
6754944118985845961686795979684463965244982887167978889279426124578334312775682487826842187863593954
7848532193937412978474596152851971136445973712866274374932691336275951789412125764653589337952283687
9977593457573267981692243648248744754752657366298774536419583917818634611462569659714939573319511346
1415831845749844165851126462675925352386927384552424172549613815795769135733863989824198673516921943
4831759156458311776754821288966335212633175144976932421648652391153132114152133167946877877542677496
4776897128736341174759811419388353569568338866575574613615833494348181863523511766397248169188569271
8148381877749842264243667971636946512225788376388943886864488728843538329814995844562742515784521583
2184385973581545642336864437778131734255752595451424522446479335499653375267439612862296832589784336
7597542871749576998182578196516564487733954947426217666222437155444773994343372691378693714863619782
8739581648318446867223555551925493158971911574855331547128455371756543651836584294258349515866373926
8589523912199894355444378645718555344688639882283118167132664271499483833557148175887381977884879568
5771816622419765994222385829932839515872875516174263222936357116983634421688719378738624282856982497
8997617371588478624127212113934668938721854419916638672984146238332299982273372579828924849633427995
5583747321364145468971957326384628988152248467561297273321265728751622321814115762481483866841492246
2187628851633652924943911159554576841416862814745182242636439288623534286824546954939679815522392872
9229487476198427881762346738488126423862937374197862942492951691911187755437141393859537299543329315
6866681178488462129131922258164954273863735295649127547947495273177786963732992232863976224569868884
7379989185881897942942156352617951718142521323563267717836372179122196421885238617114211373868911175
1382886615784581436463313155875344325814516345962823253648454892563152563919263613332874315735972543
6966283943639435152418419313669293341969657917425111279714618731542944165456292799258582569794565682
9282232167594632864131436488596493696559284975989796572135389731296793768323241234215732757254822344
7811644386957488888983863475446248848281591584421771655217871795722267486956518819514244324454835791
8641949283854322499738261856959219555725377764293262361231679546169321498576881165793673881518647545
5858418547234965852271166267786161494658862237452851967349437597348919259698773134535572121276481855
9236627692155436152868449385927862978672517431497165331656379549186285727697259367742785183526671432
1151895687822911822121538587989273292413453654167267566372159452711932179624673167529796476152757316
3579679996685439679453253439863656827998876733967981293491982552512888391817416586925714453286762119
7574152188331221697881566736116637689655542962662768521475385552474673478959981665526831178658963323
6899626739577264853469754644373596271584674443629815439374737665425525664967614561677417144465265734
3853296489569596737537984372329682984565236129691668566613463357511583333695574256294981844734468393
6761734455978167748992821653159868894776778211485562777667741681411844621127334771299382911222419321
8168526613287948122248397361451393391725483879352833518835998346252814124399584125926163514575212535
8927656556514841839125117163883613679939919899556614616221488391312965455234772466658425321957597152
7761671912143652992396581676944997234121119979128449233281887645697751944127121891475231451499194527
5751464515661861358333564144499331844482555211372366686263125673647761166746276616564688552819847893
8392371371116724795596651497944187691198145628521317386645997555432312627991929684615313563753647765
3923472549865526417737982257974647182694866315823427789843376478355495344279577815378191692112729852
9945631582487555963757551446962264167398417628217615191256793532435875126413776344423996434574519926
3473185684319932138488471178211155476383843739762585291514529964539883188958236678329137645556667317
2793271346598371774848782134312466883981813272894676281626112476688112592225829875487432522817877297
1989239389431916567572999833479169487173422746378256671184687281457156937762456517415187112769992319
1177716152448143569386943842921563275926448594251551198281128565532565982234315663782851159313994678
7476558191841253316637169937216335349858278497392788458747236861379867286481735135693114898692287149
3681349425588435283136745419837647126962955845441297577356349636796987752338588979323935546861555715
3753816312993885449938922595668127726763187771396198958872175325814836867988823856752585125964645214
3754166775432457373867185613374274688947558144146182284986936317865453924598367876476833728564515191
7692138912343466291823172783369643612296435212949625342618572819965859988121969748165613357329332181
8993979432299188569175695499787152568639167169788698751846891442818178771618846852138398611879769395
5847678293534589469569347469771389775955194875292612543737187216939278786684758428638263185612619684
4464726399322443159779766879416552575131169762655677682467924324644649467237717943265139429516183663
6219115122836151135776258619128917941197262389263289949639841635319618471272718515672258729782363137
4411536279791899233127619797149863967841977439794521754655412785636981287761567581329921244761841482
5245739959761159814438552267245924784855156276792296856158871366796488752379685414627127521221148255
2591327661777468924797577312746436434212846251459797599884887927746823716311127696281638124811347846
3329289387257262478641361416391865562575152477258371957282288737998235746611283454861335918965226683
5489511876792398213154584439875575242779879723969564688995461569135527676423527194716858321481799249
9228846683663245819426749749982362251177412191692338416536396894773991354695352728156945914285446448
7863331967738833148625485779691843375492429746218241422879671884262515694151816254688581899953276926
3615325961633798785734376737378976435667647193955815612932618747373784881788694139325792933538634372
7363326991683398912825127865421565681541237779599193814224923825342267735163225284652385263147384785
3897641926557193912742249697886377219599698151389733332211468722356935654975532937658644187169911447
5712612576858771953816385455723782664433325524827418118637467234646233221115536969885254587696218621
1777739272922936559424945556348317583965362786721184257522177744573963384536416126177172391114199964
6337951294874293383149299551321983672566491245194877855599891597856543532965486662326225386457815388
5841561369999736326949517855466977892272893898592958978412481334435372836852222729976854154513783249
1858789284119484694211484343462336758926217763798623394623813483697154931949383566742497534847452391
7325189237395827358673634725715329452262148175446669223813768781251252292659515469647487271943896354
2349515249129752242613721666373576171314529125264827996939835951478272361456339745632118467194214922
9412585656126835416946486564184698362248514557973142412468556611527716283981579774838389757332359428
6121771769819539885874263541623315841916581477323591984637274657597862313466853441849521618935122811
7921239174936684587733117168596649325792861748658545217431343647771984782147775782884948661511535956
1493794112897596381157259311239464846282641913862566766688283639886321735113636965978494385927676626
6486174973143916622236134175478987977952683523528297672978437344515714781175479716999297275116595835
